CMDLINE c:\python3\python.exe comparison.py
MEM 0.277344 1544336416.5580
MEM 12.894531 1544336416.6748
MEM 13.984375 1544336416.7862
MEM 13.984375 1544336416.9072
MEM 13.984375 1544336417.0424
MEM 13.984375 1544336417.1773
MEM 13.984375 1544336417.3046
MEM 13.984375 1544336417.4181
MEM 13.984375 1544336417.5611
MEM 13.984375 1544336417.6800
MEM 14.281250 1544336417.8123
MEM 14.281250 1544336417.9254
MEM 14.281250 1544336418.0444
MEM 14.281250 1544336418.1615
MEM 14.281250 1544336418.2776
MEM 14.281250 1544336418.3937
MEM 14.281250 1544336418.5106
MEM 14.281250 1544336418.6422
MEM 31.554688 1544336418.7939
MEM 37.445312 1544336418.9132
MEM 40.660156 1544336419.0192
MEM 59.718750 1544336419.1287
MEM 66.058594 1544336419.2487
MEM 69.625000 1544336419.3629
MEM 72.144531 1544336419.4722
MEM 76.074219 1544336419.5734
MEM 78.156250 1544336419.6734
MEM 78.156250 1544336419.8039
MEM 78.156250 1544336419.9353
MEM 78.156250 1544336420.0571
MEM 78.156250 1544336420.1853
MEM 78.156250 1544336420.3264
MEM 78.156250 1544336420.4670
MEM 78.156250 1544336420.6036
MEM 78.687500 1544336420.7288
CHLD 0 10.152344 1544336420.7444
CHLD 1 10.039062 1544336420.7444
CHLD 2 10.171875 1544336420.7444
CHLD 3 9.843750 1544336420.7444
MEM 78.847656 1544336420.9063
CHLD 0 14.914062 1544336420.9220
CHLD 1 14.691406 1544336420.9220
CHLD 2 14.910156 1544336420.9220
CHLD 3 13.843750 1544336420.9220
MEM 78.847656 1544336421.0347
CHLD 0 14.964844 1544336421.0659
CHLD 1 14.953125 1544336421.0659
CHLD 2 14.953125 1544336421.0659
CHLD 3 14.937500 1544336421.0659
MEM 78.847656 1544336421.1668
CHLD 0 14.964844 1544336421.1871
CHLD 1 14.953125 1544336421.1871
CHLD 2 14.953125 1544336421.1871
CHLD 3 14.937500 1544336421.1871
MEM 78.847656 1544336421.2874
CHLD 0 14.964844 1544336421.3268
CHLD 1 14.953125 1544336421.3268
CHLD 2 14.953125 1544336421.3268
CHLD 3 14.937500 1544336421.3268
MEM 78.847656 1544336421.4362
CHLD 0 14.964844 1544336421.4675
CHLD 1 14.953125 1544336421.4675
CHLD 2 14.953125 1544336421.4675
CHLD 3 14.937500 1544336421.4675
MEM 78.847656 1544336421.5768
CHLD 0 14.964844 1544336421.5996
CHLD 1 14.953125 1544336421.5996
CHLD 2 14.953125 1544336421.5996
CHLD 3 14.937500 1544336421.5996
MEM 78.847656 1544336421.7107
CHLD 0 14.964844 1544336421.7420
CHLD 1 14.953125 1544336421.7420
CHLD 2 14.953125 1544336421.7420
CHLD 3 14.937500 1544336421.7420
MEM 78.847656 1544336421.8514
CHLD 0 14.964844 1544336421.8826
CHLD 1 14.953125 1544336421.8826
CHLD 2 14.953125 1544336421.8826
CHLD 3 14.937500 1544336421.8826
MEM 78.847656 1544336421.9833
CHLD 0 15.191406 1544336422.0180
CHLD 1 15.167969 1544336422.0180
CHLD 2 15.179688 1544336422.0180
CHLD 3 15.167969 1544336422.0180
MEM 78.847656 1544336422.1190
CHLD 0 15.191406 1544336422.1510
CHLD 1 15.167969 1544336422.1510
CHLD 2 15.179688 1544336422.1510
CHLD 3 15.167969 1544336422.1510
MEM 78.847656 1544336422.2653
CHLD 0 15.191406 1544336422.2989
CHLD 1 15.167969 1544336422.2989
CHLD 2 15.179688 1544336422.2989
CHLD 3 15.167969 1544336422.2989
MEM 78.847656 1544336422.4083
CHLD 0 15.191406 1544336422.4395
CHLD 1 15.167969 1544336422.4395
CHLD 2 15.179688 1544336422.4395
CHLD 3 15.167969 1544336422.4395
MEM 78.847656 1544336422.5396
CHLD 0 15.191406 1544336422.5686
CHLD 1 15.167969 1544336422.5686
CHLD 2 15.179688 1544336422.5686
CHLD 3 15.167969 1544336422.5686
MEM 78.847656 1544336422.6701
CHLD 0 15.191406 1544336422.7110
CHLD 1 15.167969 1544336422.7110
CHLD 2 15.179688 1544336422.7110
CHLD 3 15.167969 1544336422.7110
MEM 78.847656 1544336422.8204
CHLD 0 15.191406 1544336422.8501
CHLD 1 15.167969 1544336422.8501
CHLD 2 15.179688 1544336422.8501
CHLD 3 15.167969 1544336422.8501
MEM 78.847656 1544336422.9565
CHLD 0 22.757812 1544336423.0346
CHLD 1 26.035156 1544336423.0346
CHLD 2 26.847656 1544336423.0346
CHLD 3 24.617188 1544336423.0346
MEM 78.847656 1544336423.1384
CHLD 0 34.562500 1544336423.1714
CHLD 1 34.972656 1544336423.1714
CHLD 2 34.652344 1544336423.1714
CHLD 3 34.898438 1544336423.1714
MEM 78.847656 1544336423.2800
CHLD 0 38.113281 1544336423.2956
CHLD 1 38.105469 1544336423.2956
CHLD 2 38.109375 1544336423.2956
CHLD 3 38.207031 1544336423.2956
MEM 78.847656 1544336423.4050
CHLD 0 40.453125 1544336423.4206
CHLD 1 40.468750 1544336423.4206
CHLD 2 40.433594 1544336423.4206
CHLD 3 40.597656 1544336423.4206
MEM 78.847656 1544336423.5456
CHLD 0 58.394531 1544336423.5613
CHLD 1 58.375000 1544336423.5613
CHLD 2 58.367188 1544336423.5613
CHLD 3 58.335938 1544336423.5613
MEM 78.847656 1544336423.6788
CHLD 0 62.417969 1544336423.6988
CHLD 1 61.945312 1544336423.6988
CHLD 2 62.289062 1544336423.6998
CHLD 3 62.363281 1544336423.6998
MEM 78.847656 1544336423.8044
CHLD 0 68.578125 1544336423.8669
CHLD 1 67.730469 1544336423.8669
CHLD 2 68.507812 1544336423.8669
CHLD 3 68.585938 1544336423.8669
MEM 78.847656 1544336423.9919
CHLD 0 69.878906 1544336424.0075
CHLD 1 69.703125 1544336424.0075
CHLD 2 69.941406 1544336424.0075
CHLD 3 69.851562 1544336424.0075
MEM 78.847656 1544336424.1355
CHLD 0 72.207031 1544336424.1525
CHLD 1 70.621094 1544336424.1525
CHLD 2 72.351562 1544336424.1525
CHLD 3 71.480469 1544336424.1525
MEM 78.847656 1544336424.2733
CHLD 0 75.250000 1544336424.2890
CHLD 1 72.855469 1544336424.2890
CHLD 2 75.066406 1544336424.2890
CHLD 3 74.386719 1544336424.2890
MEM 78.847656 1544336424.4037
CHLD 0 78.113281 1544336424.4193
CHLD 1 76.210938 1544336424.4193
CHLD 2 78.121094 1544336424.4193
CHLD 3 77.988281 1544336424.4193
MEM 78.847656 1544336424.5201
CHLD 0 78.113281 1544336424.5321
CHLD 1 78.031250 1544336424.5321
CHLD 2 78.121094 1544336424.5321
CHLD 3 78.066406 1544336424.5321
MEM 78.847656 1544336424.6349
CHLD 0 78.113281 1544336424.6707
CHLD 1 78.031250 1544336424.6707
CHLD 2 78.121094 1544336424.6707
CHLD 3 78.066406 1544336424.6707
MEM 78.847656 1544336424.7740
CHLD 0 78.113281 1544336424.8052
CHLD 1 78.031250 1544336424.8052
CHLD 2 78.121094 1544336424.8052
CHLD 3 78.066406 1544336424.8052
MEM 78.847656 1544336424.9157
CHLD 0 78.113281 1544336424.9451
CHLD 1 78.031250 1544336424.9451
CHLD 2 78.121094 1544336424.9451
CHLD 3 78.066406 1544336424.9451
MEM 78.847656 1544336425.0545
CHLD 0 78.113281 1544336425.0846
CHLD 1 78.031250 1544336425.0846
CHLD 2 78.121094 1544336425.0846
CHLD 3 78.066406 1544336425.0846
MEM 78.847656 1544336425.1851
CHLD 0 78.113281 1544336425.2109
CHLD 1 78.031250 1544336425.2109
CHLD 2 78.121094 1544336425.2109
CHLD 3 78.066406 1544336425.2109
MEM 78.847656 1544336425.3217
CHLD 0 78.113281 1544336425.3548
CHLD 1 78.031250 1544336425.3548
CHLD 2 78.121094 1544336425.3548
CHLD 3 78.066406 1544336425.3548
MEM 78.847656 1544336425.4621
CHLD 0 78.726562 1544336425.4933
CHLD 1 78.152344 1544336425.4933
CHLD 2 78.460938 1544336425.4933
CHLD 3 78.750000 1544336425.4933
MEM 78.867188 1544336425.6091
CHLD 0 78.726562 1544336425.6091
CHLD 1 78.300781 1544336425.6091
CHLD 2 78.460938 1544336425.6091
CHLD 3 78.757812 1544336425.6091
MEM 78.867188 1544336425.7097
CHLD 0 78.726562 1544336425.7253
CHLD 1 78.300781 1544336425.7253
CHLD 2 78.460938 1544336425.7253
CHLD 3 78.757812 1544336425.7253
MEM 78.792969 1544336425.8262
